INICIJALNO
GENERATION: 1
NUM:          X            Y            Z         FITNESS
   1     0.025426     0.236324    0.588865           0
   2     2.359501     0.914409    0.154748           0
   3     0.843261            0    1.494928           0
   4     0.746652     0.641568    1.005077           0
   5            0     0.602323    0.616283           0
   6            0     0.308027    0.559744           0
   7     0.791451     0.687132    1.148975           0
   8     1.429102     1.367148    1.038146           0
   9    -0.696159     2.112442      2.0824           0
  10     2.317528     0.858253    0.194757           0


GENERATION: 2
NUM:          X            Y            Z         FITNESS
   1    -0.824219     0.112305    0.084302   -0.504564
   2     2.359501     0.914409    0.154748   -0.434117
   3     2.291016     0.932617    0.189766   -0.399099
   4     2.317528     0.858253    0.194757   -0.394109
   5     0.041016     0.307617    0.464031   -0.124835
   6           -0     0.557617    0.541653   -0.047213
   7            0     0.308027    0.559744   -0.029121
   8     0.025426     0.236324    0.588865           0
   9            0     0.602323    0.616283    0.027417
  10     0.746652     0.641568    1.005077    0.416211


GENERATION: 3
NUM:          X            Y            Z         FITNESS
   1    -0.824219     0.112305    0.084302           0
   2     2.359501     0.914409    0.154748    0.070447
   3     2.313477     0.978516     0.16365    0.079348
   4     2.291016     0.932617    0.189766    0.105465
   5     2.317528     0.858253    0.194757    0.110455
   6     2.279297     0.864258    0.219029    0.134727
   7     0.041016     0.307617    0.464031    0.379729
   8           -0     0.351562    0.516044    0.431742
   9           -0     0.351562    0.516044    0.431742
  10           -0     0.557617    0.541653    0.457351


GENERATION: 4
NUM:          X            Y            Z         FITNESS
   1        -2.25     0.932617   -0.185248   -0.269549
   2        -2.25     0.976562   -0.167592   -0.251893
   3           -3     0.351562   -0.019197   -0.103499
   4    -0.824219     0.112305    0.084302           0
   5     2.359501     0.914409    0.154748    0.070447
   6     2.313477     0.978516     0.16365    0.079348
   7     2.275391     0.985352    0.183854    0.099553
   8     2.291016     0.932617    0.189766    0.105465
   9     2.317528     0.858253    0.194757    0.110455
  10     2.279297     0.864258    0.219029    0.134727


GENERATION: 5
NUM:          X            Y            Z         FITNESS
   1        -2.25     0.932617   -0.185248           0
   2        -2.25     0.976562   -0.167592    0.017656
   3           -3     0.351562   -0.019197     0.16605
   4    -0.824219     0.112305    0.084302    0.269549
   5     2.359501     0.914409    0.154748    0.339996
   6     2.359375     0.914062    0.154901    0.340148
   7     2.313477     0.978516     0.16365    0.348897
   8     2.275391     0.985352    0.183854    0.369102
   9     2.291016     0.932617    0.189766    0.375014
  10     2.317528     0.858253    0.194757    0.380004


GENERATION: 6
NUM:          X            Y            Z         FITNESS
   1        -2.25     0.932617   -0.185248           0
   2        -2.25     0.976562   -0.167592    0.017656
   3    -2.320312     0.987305   -0.131512    0.053736
   4           -3     0.351562   -0.019197     0.16605
   5        -3.25     0.976562    -0.00226    0.182988
   6    -0.824219     0.112305    0.084302    0.269549
   7     2.359501     0.914409    0.154748    0.339996
   8     2.359375     0.914062    0.154901    0.340148
   9     2.313477     0.978516     0.16365    0.348897
  10     2.275391     0.985352    0.183854    0.369102


GENERATION: 7
NUM:          X            Y            Z         FITNESS
   1    -2.070312     0.362305   -0.653112   -0.467864
   2        -2.25     0.932617   -0.185248           0
   3        -2.25     0.976562   -0.167592    0.017656
   4    -2.320312     0.987305   -0.131512    0.053736
   5           -3     0.351562   -0.019197     0.16605
   6        -3.25     0.976562    -0.00226    0.182988
   7    -0.824219     0.112305    0.084302    0.269549
   8     2.359501     0.914409    0.154748    0.339996
   9     2.359375     0.914062    0.154901    0.340148
  10     2.313477     0.978516     0.16365    0.348897


GENERATION: 8
NUM:          X            Y            Z         FITNESS
   1           -2     0.307617   -0.796639   -0.143528
   2    -2.070312     0.362305   -0.653112           0
   3        -2.25     0.932617   -0.185248    0.467864
   4        -2.25     0.976562   -0.167592     0.48552
   5    -2.320312     0.987305   -0.131512      0.5216
   6           -3     0.351562   -0.019197    0.633915
   7        -3.25     0.976562    -0.00226    0.650852
   8    -0.824219     0.112305    0.084302    0.737413
   9     2.359501     0.914409    0.154748     0.80786
  10     2.359375     0.914062    0.154901    0.808013


GENERATION: 9
NUM:          X            Y            Z         FITNESS
   1           -2     0.307617   -0.796639           0
   2    -2.070312     0.362305   -0.653112    0.143528
   3        -2.25     0.932617   -0.185248    0.611392
   4        -2.25     0.976562   -0.167592    0.629048
   5    -2.320312     0.987305   -0.131512    0.665128
   6           -3     0.351562   -0.019197    0.777442
   7        -3.25     0.976562    -0.00226     0.79438
   8    -0.824219     0.112305    0.084302    0.880941
   9     2.359501     0.914409    0.154748    0.951388
  10     2.359375     0.914062    0.154901     0.95154


GENERATION: 10
NUM:          X            Y            Z         FITNESS
   1           -2     0.307617   -0.796639           0
   2    -2.070312     0.362305   -0.653112    0.143528
   3        -2.25     0.932617   -0.185248    0.611392
   4        -2.25     0.976562   -0.167592    0.629048
   5    -2.320312     0.987305   -0.131512    0.665128
   6           -3     0.351562   -0.019197    0.777442
   7        -3.25     0.976562    -0.00226     0.79438
   8    -0.824219     0.112305    0.084302    0.880941
   9     2.359501     0.914409    0.154748    0.951388
  10     2.359375     0.914062    0.154901     0.95154


GENERATION: 11
NUM:          X            Y            Z         FITNESS
   1           -2     0.307617   -0.796639           0
   2           -2     0.351562   -0.780909    0.015731
   3    -2.070312     0.362305   -0.653112    0.143528
   4        -2.25     0.932617   -0.185248    0.611392
   5        -2.25     0.976562   -0.167592    0.629048
   6    -2.320312     0.987305   -0.131512    0.665128
   7           -3     0.351562   -0.019197    0.777442
   8        -3.25     0.976562    -0.00226     0.79438
   9    -0.824219     0.112305    0.084302    0.880941
  10     2.359501     0.914409    0.154748    0.951388


GENERATION: 12
NUM:          X            Y            Z         FITNESS
   1           -2     0.307617   -0.796639           0
   2           -2     0.351562   -0.780909    0.015731
   3    -2.070312     0.362305   -0.653112    0.143528
   4        -2.25     0.932617   -0.185248    0.611392
   5        -2.25     0.976562   -0.167592    0.629048
   6    -2.320312     0.987305   -0.131512    0.665128
   7           -3     0.351562   -0.019197    0.777442
   8        -3.25     0.976562    -0.00226     0.79438
   9    -0.824219     0.112305    0.084302    0.880941
  10     2.359501     0.914409    0.154748    0.951388


GENERATION: 13
NUM:          X            Y            Z         FITNESS
   1           -2     0.307617   -0.796639           0
   2           -2     0.351562   -0.780909    0.015731
   3    -2.070312     0.362305   -0.653112    0.143528
   4        -2.25     0.932617   -0.185248    0.611392
   5        -2.25     0.976562   -0.167592    0.629048
   6    -2.320312     0.987305   -0.131512    0.665128
   7           -3     0.351562   -0.019197    0.777442
   8        -3.25     0.976562    -0.00226     0.79438
   9    -0.824219     0.112305    0.084302    0.880941
  10     2.359501     0.914409    0.154748    0.951388


GENERATION: 14
NUM:          X            Y            Z         FITNESS
   1           -2     0.307617   -0.796639           0
   2           -2     0.351562   -0.780909    0.015731
   3    -2.070312     0.362305   -0.653112    0.143528
   4        -2.25     0.932617   -0.185248    0.611392
   5        -2.25     0.976562   -0.167592    0.629048
   6    -2.320312     0.987305   -0.131512    0.665128
   7           -3     0.351562   -0.019197    0.777442
   8        -3.25     0.976562    -0.00226     0.79438
   9    -0.824219     0.112305    0.084302    0.880941
  10     2.359501     0.914409    0.154748    0.951388


GENERATION: 15
NUM:          X            Y            Z         FITNESS
   1           -2     0.307617   -0.796639           0
   2           -2     0.351562   -0.780909    0.015731
   3    -2.070312     0.362305   -0.653112    0.143528
   4        -2.25     0.932617   -0.185248    0.611392
   5        -2.25     0.976562   -0.167592    0.629048
   6    -2.320312     0.987305   -0.131512    0.665128
   7           -3     0.351562   -0.019197    0.777442
   8        -3.25     0.976562    -0.00226     0.79438
   9    -0.824219     0.112305    0.084302    0.880941
  10     2.359501     0.914409    0.154748    0.951388


GENERATION: 16
NUM:          X            Y            Z         FITNESS
   1           -2     0.307617   -0.796639           0
   2           -2     0.351562   -0.780909    0.015731
   3    -2.070312     0.362305   -0.653112    0.143528
   4        -2.25     0.932617   -0.185248    0.611392
   5        -2.25     0.976562   -0.167592    0.629048
   6    -2.320312     0.987305   -0.131512    0.665128
   7           -3     0.351562   -0.019197    0.777442
   8        -3.25     0.976562    -0.00226     0.79438
   9    -0.824219     0.112305    0.084302    0.880941
  10     2.359501     0.914409    0.154748    0.951388


GENERATION: 17
NUM:          X            Y            Z         FITNESS
   1           -2     0.307617   -0.796639           0
   2           -2     0.351562   -0.780909    0.015731
   3    -2.070312     0.362305   -0.653112    0.143528
   4        -2.25     0.932617   -0.185248    0.611392
   5        -2.25     0.976562   -0.167592    0.629048
   6    -2.320312     0.987305   -0.131512    0.665128
   7           -3     0.351562   -0.019197    0.777442
   8        -3.25     0.976562    -0.00226     0.79438
   9    -0.824219     0.112305    0.084302    0.880941
  10     2.359501     0.914409    0.154748    0.951388


GENERATION: 18
NUM:          X            Y            Z         FITNESS
   1           -2     0.307617   -0.796639           0
   2           -2     0.351562   -0.780909    0.015731
   3    -2.070312     0.362305   -0.653112    0.143528
   4        -2.25     0.932617   -0.185248    0.611392
   5        -2.25     0.976562   -0.167592    0.629048
   6    -2.320312     0.987305   -0.131512    0.665128
   7           -3     0.351562   -0.019197    0.777442
   8        -3.25     0.976562    -0.00226     0.79438
   9    -0.824219     0.112305    0.084302    0.880941
  10     2.359501     0.914409    0.154748    0.951388


GENERATION: 19
NUM:          X            Y            Z         FITNESS
   1           -2     0.307617   -0.796639           0
   2           -2     0.351562   -0.780909    0.015731
   3    -2.070312     0.362305   -0.653112    0.143528
   4        -2.25     0.932617   -0.185248    0.611392
   5        -2.25     0.976562   -0.167592    0.629048
   6    -2.320312     0.987305   -0.131512    0.665128
   7           -3     0.351562   -0.019197    0.777442
   8        -3.25     0.976562    -0.00226     0.79438
   9    -0.824219     0.112305    0.084302    0.880941
  10     2.359501     0.914409    0.154748    0.951388


GENERATION: 20
NUM:          X            Y            Z         FITNESS
   1           -2     0.307617   -0.796639           0
   2           -2     0.351562   -0.780909    0.015731
   3    -2.070312     0.362305   -0.653112    0.143528
   4        -2.25     0.932617   -0.185248    0.611392
   5        -2.25     0.976562   -0.167592    0.629048
   6    -2.320312     0.987305   -0.131512    0.665128
   7           -3     0.351562   -0.019197    0.777442
   8        -3.25     0.976562    -0.00226     0.79438
   9    -0.824219     0.112305    0.084302    0.880941
  10     2.359501     0.914409    0.154748    0.951388


GENERATION: 21
NUM:          X            Y            Z         FITNESS
   1           -2     0.307617   -0.796639           0
   2           -2     0.351562   -0.780909    0.015731
   3    -2.070312     0.362305   -0.653112    0.143528
   4        -2.25     0.932617   -0.185248    0.611392
   5        -2.25     0.976562   -0.167592    0.629048
   6    -2.320312     0.987305   -0.131512    0.665128
   7           -3     0.351562   -0.019197    0.777442
   8        -3.25     0.976562    -0.00226     0.79438
   9    -0.824219     0.112305    0.084302    0.880941
  10     2.359501     0.914409    0.154748    0.951388


GENERATION: 22
NUM:          X            Y            Z         FITNESS
   1           -2     0.307617   -0.796639           0
   2           -2     0.351562   -0.780909    0.015731
   3    -2.070312     0.362305   -0.653112    0.143528
   4        -2.25     0.932617   -0.185248    0.611392
   5        -2.25     0.976562   -0.167592    0.629048
   6    -2.320312     0.987305   -0.131512    0.665128
   7           -3     0.351562   -0.019197    0.777442
   8        -3.25     0.976562    -0.00226     0.79438
   9    -0.824219     0.112305    0.084302    0.880941
  10     2.359501     0.914409    0.154748    0.951388


GENERATION: 23
NUM:          X            Y            Z         FITNESS
   1           -2     0.307617   -0.796639           0
   2           -2     0.351562   -0.780909    0.015731
   3    -2.070312     0.362305   -0.653112    0.143528
   4        -2.25     0.932617   -0.185248    0.611392
   5        -2.25     0.976562   -0.167592    0.629048
   6    -2.320312     0.987305   -0.131512    0.665128
   7           -3     0.351562   -0.019197    0.777442
   8        -3.25     0.976562    -0.00226     0.79438
   9    -0.824219     0.112305    0.084302    0.880941
  10     2.359501     0.914409    0.154748    0.951388


GENERATION: 24
NUM:          X            Y            Z         FITNESS
   1           -2     0.307617   -0.796639           0
   2           -2     0.351562   -0.780909    0.015731
   3    -2.070312     0.362305   -0.653112    0.143528
   4        -2.25     0.932617   -0.185248    0.611392
   5        -2.25     0.976562   -0.167592    0.629048
   6    -2.320312     0.987305   -0.131512    0.665128
   7           -3     0.351562   -0.019197    0.777442
   8        -3.25     0.976562    -0.00226     0.79438
   9    -0.824219     0.112305    0.084302    0.880941
  10     2.359501     0.914409    0.154748    0.951388


GENERATION: 25
NUM:          X            Y            Z         FITNESS
   1           -2     0.307617   -0.796639           0
   2           -2     0.351562   -0.780909    0.015731
   3    -2.070312     0.362305   -0.653112    0.143528
   4        -2.25     0.932617   -0.185248    0.611392
   5        -2.25     0.976562   -0.167592    0.629048
   6    -2.320312     0.987305   -0.131512    0.665128
   7           -3     0.351562   -0.019197    0.777442
   8        -3.25     0.976562    -0.00226     0.79438
   9    -0.824219     0.112305    0.084302    0.880941
  10     2.359501     0.914409    0.154748    0.951388


GENERATION: 26
NUM:          X            Y            Z         FITNESS
   1           -2     0.307617   -0.796639           0
   2           -2     0.351562   -0.780909    0.015731
   3    -2.070312     0.362305   -0.653112    0.143528
   4        -2.25     0.932617   -0.185248    0.611392
   5        -2.25     0.976562   -0.167592    0.629048
   6    -2.320312     0.987305   -0.131512    0.665128
   7           -3     0.351562   -0.019197    0.777442
   8        -3.25     0.976562    -0.00226     0.79438
   9    -0.824219     0.112305    0.084302    0.880941
  10     2.359501     0.914409    0.154748    0.951388


GENERATION: 27
NUM:          X            Y            Z         FITNESS
   1           -2     0.307617   -0.796639           0
   2           -2     0.351562   -0.780909    0.015731
   3    -2.070312     0.362305   -0.653112    0.143528
   4        -2.25     0.932617   -0.185248    0.611392
   5        -2.25     0.976562   -0.167592    0.629048
   6    -2.320312     0.987305   -0.131512    0.665128
   7           -3     0.351562   -0.019197    0.777442
   8        -3.25     0.976562    -0.00226     0.79438
   9    -0.824219     0.112305    0.084302    0.880941
  10     2.359501     0.914409    0.154748    0.951388


GENERATION: 28
NUM:          X            Y            Z         FITNESS
   1           -2     0.307617   -0.796639           0
   2           -2     0.351562   -0.780909    0.015731
   3    -2.070312     0.362305   -0.653112    0.143528
   4        -2.25     0.932617   -0.185248    0.611392
   5        -2.25     0.976562   -0.167592    0.629048
   6    -2.320312     0.987305   -0.131512    0.665128
   7           -3     0.351562   -0.019197    0.777442
   8        -3.25     0.976562    -0.00226     0.79438
   9    -0.824219     0.112305    0.084302    0.880941
  10     2.359501     0.914409    0.154748    0.951388


GENERATION: 29
NUM:          X            Y            Z         FITNESS
   1           -2     0.307617   -0.796639           0
   2           -2     0.351562   -0.780909    0.015731
   3    -2.070312     0.362305   -0.653112    0.143528
   4        -2.25     0.932617   -0.185248    0.611392
   5        -2.25     0.976562   -0.167592    0.629048
   6    -2.320312     0.987305   -0.131512    0.665128
   7           -3     0.351562   -0.019197    0.777442
   8        -3.25     0.976562    -0.00226     0.79438
   9    -0.824219     0.112305    0.084302    0.880941
  10     2.359501     0.914409    0.154748    0.951388


GENERATION: 30
NUM:          X            Y            Z         FITNESS
   1           -2     0.307617   -0.796639           0
   2           -2     0.351562   -0.780909    0.015731
   3    -2.070312     0.362305   -0.653112    0.143528
   4        -2.25     0.932617   -0.185248    0.611392
   5        -2.25     0.976562   -0.167592    0.629048
   6    -2.320312     0.987305   -0.131512    0.665128
   7           -3     0.351562   -0.019197    0.777442
   8        -3.25     0.976562    -0.00226     0.79438
   9    -0.824219     0.112305    0.084302    0.880941
  10     2.359501     0.914409    0.154748    0.951388


GENERATION: 31
NUM:          X            Y            Z         FITNESS
   1           -2     0.307617   -0.796639           0
   2           -2     0.351562   -0.780909    0.015731
   3    -2.070312     0.362305   -0.653112    0.143528
   4        -2.25     0.932617   -0.185248    0.611392
   5        -2.25     0.976562   -0.167592    0.629048
   6    -2.320312     0.987305   -0.131512    0.665128
   7           -3     0.351562   -0.019197    0.777442
   8        -3.25     0.976562    -0.00226     0.79438
   9    -0.824219     0.112305    0.084302    0.880941
  10     2.359501     0.914409    0.154748    0.951388


GENERATION: 32
NUM:          X            Y            Z         FITNESS
   1           -2     0.307617   -0.796639           0
   2           -2     0.351562   -0.780909    0.015731
   3    -2.070312     0.362305   -0.653112    0.143528
   4        -2.25     0.932617   -0.185248    0.611392
   5        -2.25     0.976562   -0.167592    0.629048
   6    -2.320312     0.987305   -0.131512    0.665128
   7           -3     0.351562   -0.019197    0.777442
   8        -3.25     0.976562    -0.00226     0.79438
   9    -0.824219     0.112305    0.084302    0.880941
  10     2.359501     0.914409    0.154748    0.951388


GENERATION: 33
NUM:          X            Y            Z         FITNESS
   1           -2     0.307617   -0.796639           0
   2           -2     0.351562   -0.780909    0.015731
   3    -2.070312     0.362305   -0.653112    0.143528
   4        -2.25     0.932617   -0.185248    0.611392
   5        -2.25     0.976562   -0.167592    0.629048
   6    -2.320312     0.987305   -0.131512    0.665128
   7           -3     0.351562   -0.019197    0.777442
   8        -3.25     0.976562    -0.00226     0.79438
   9    -0.824219     0.112305    0.084302    0.880941
  10     2.359501     0.914409    0.154748    0.951388


GENERATION: 34
NUM:          X            Y            Z         FITNESS
   1           -2     0.307617   -0.796639           0
   2           -2     0.351562   -0.780909    0.015731
   3    -2.070312     0.362305   -0.653112    0.143528
   4        -2.25     0.932617   -0.185248    0.611392
   5        -2.25     0.976562   -0.167592    0.629048
   6    -2.320312     0.987305   -0.131512    0.665128
   7           -3     0.351562   -0.019197    0.777442
   8        -3.25     0.976562    -0.00226     0.79438
   9    -0.824219     0.112305    0.084302    0.880941
  10     2.359501     0.914409    0.154748    0.951388


GENERATION: 35
NUM:          X            Y            Z         FITNESS
   1           -2     0.307617   -0.796639           0
   2           -2     0.351562   -0.780909    0.015731
   3    -2.070312     0.362305   -0.653112    0.143528
   4        -2.25     0.932617   -0.185248    0.611392
   5        -2.25     0.976562   -0.167592    0.629048
   6    -2.320312     0.987305   -0.131512    0.665128
   7           -3     0.351562   -0.019197    0.777442
   8        -3.25     0.976562    -0.00226     0.79438
   9    -0.824219     0.112305    0.084302    0.880941
  10     2.359501     0.914409    0.154748    0.951388


GENERATION: 36
NUM:          X            Y            Z         FITNESS
   1           -2     0.307617   -0.796639           0
   2           -2     0.351562   -0.780909    0.015731
   3    -2.070312     0.362305   -0.653112    0.143528
   4        -2.25     0.932617   -0.185248    0.611392
   5        -2.25     0.976562   -0.167592    0.629048
   6    -2.320312     0.987305   -0.131512    0.665128
   7           -3     0.351562   -0.019197    0.777442
   8        -3.25     0.976562    -0.00226     0.79438
   9    -0.824219     0.112305    0.084302    0.880941
  10     2.359501     0.914409    0.154748    0.951388


GENERATION: 37
NUM:          X            Y            Z         FITNESS
   1           -2     0.307617   -0.796639           0
   2           -2     0.351562   -0.780909    0.015731
   3    -2.070312     0.362305   -0.653112    0.143528
   4        -2.25     0.932617   -0.185248    0.611392
   5        -2.25     0.976562   -0.167592    0.629048
   6    -2.320312     0.987305   -0.131512    0.665128
   7           -3     0.351562   -0.019197    0.777442
   8        -3.25     0.976562    -0.00226     0.79438
   9    -0.824219     0.112305    0.084302    0.880941
  10     2.359501     0.914409    0.154748    0.951388


GENERATION: 38
NUM:          X            Y            Z         FITNESS
   1           -2     0.307617   -0.796639           0
   2           -2     0.351562   -0.780909    0.015731
   3    -2.070312     0.362305   -0.653112    0.143528
   4        -2.25     0.932617   -0.185248    0.611392
   5        -2.25     0.976562   -0.167592    0.629048
   6    -2.320312     0.987305   -0.131512    0.665128
   7           -3     0.351562   -0.019197    0.777442
   8        -3.25     0.976562    -0.00226     0.79438
   9    -0.824219     0.112305    0.084302    0.880941
  10     2.359501     0.914409    0.154748    0.951388


GENERATION: 39
NUM:          X            Y            Z         FITNESS
   1           -2     0.307617   -0.796639           0
   2           -2     0.351562   -0.780909    0.015731
   3    -2.070312     0.362305   -0.653112    0.143528
   4        -2.25     0.932617   -0.185248    0.611392
   5        -2.25     0.976562   -0.167592    0.629048
   6    -2.320312     0.987305   -0.131512    0.665128
   7           -3     0.351562   -0.019197    0.777442
   8        -3.25     0.976562    -0.00226     0.79438
   9    -0.824219     0.112305    0.084302    0.880941
  10     2.359501     0.914409    0.154748    0.951388


GENERATION: 40
NUM:          X            Y            Z         FITNESS
   1           -2     0.307617   -0.796639           0
   2           -2     0.351562   -0.780909    0.015731
   3    -2.070312     0.362305   -0.653112    0.143528
   4        -2.25     0.932617   -0.185248    0.611392
   5        -2.25     0.976562   -0.167592    0.629048
   6    -2.320312     0.987305   -0.131512    0.665128
   7           -3     0.351562   -0.019197    0.777442
   8        -3.25     0.976562    -0.00226     0.79438
   9    -0.824219     0.112305    0.084302    0.880941
  10     2.359501     0.914409    0.154748    0.951388


GENERATION: 41
NUM:          X            Y            Z         FITNESS
   1           -2     0.307617   -0.796639           0
   2           -2     0.351562   -0.780909    0.015731
   3    -2.070312     0.362305   -0.653112    0.143528
   4        -2.25     0.932617   -0.185248    0.611392
   5        -2.25     0.976562   -0.167592    0.629048
   6    -2.320312     0.987305   -0.131512    0.665128
   7           -3     0.351562   -0.019197    0.777442
   8        -3.25     0.976562    -0.00226     0.79438
   9    -0.824219     0.112305    0.084302    0.880941
  10     2.359501     0.914409    0.154748    0.951388


GENERATION: 42
NUM:          X            Y            Z         FITNESS
   1           -2     0.307617   -0.796639           0
   2           -2     0.351562   -0.780909    0.015731
   3    -2.070312     0.362305   -0.653112    0.143528
   4        -2.25     0.932617   -0.185248    0.611392
   5        -2.25     0.976562   -0.167592    0.629048
   6    -2.320312     0.987305   -0.131512    0.665128
   7           -3     0.351562   -0.019197    0.777442
   8        -3.25     0.976562    -0.00226     0.79438
   9    -0.824219     0.112305    0.084302    0.880941
  10     2.359501     0.914409    0.154748    0.951388


GENERATION: 43
NUM:          X            Y            Z         FITNESS
   1           -2     0.307617   -0.796639           0
   2           -2     0.351562   -0.780909    0.015731
   3    -2.070312     0.362305   -0.653112    0.143528
   4        -2.25     0.932617   -0.185248    0.611392
   5        -2.25     0.976562   -0.167592    0.629048
   6    -2.320312     0.987305   -0.131512    0.665128
   7           -3     0.351562   -0.019197    0.777442
   8        -3.25     0.976562    -0.00226     0.79438
   9    -0.824219     0.112305    0.084302    0.880941
  10     2.359501     0.914409    0.154748    0.951388


GENERATION: 44
NUM:          X            Y            Z         FITNESS
   1           -2     0.307617   -0.796639           0
   2           -2     0.351562   -0.780909    0.015731
   3    -2.070312     0.362305   -0.653112    0.143528
   4        -2.25     0.932617   -0.185248    0.611392
   5        -2.25     0.976562   -0.167592    0.629048
   6    -2.320312     0.987305   -0.131512    0.665128
   7           -3     0.351562   -0.019197    0.777442
   8        -3.25     0.976562    -0.00226     0.79438
   9    -0.824219     0.112305    0.084302    0.880941
  10     2.359501     0.914409    0.154748    0.951388


GENERATION: 45
NUM:          X            Y            Z         FITNESS
   1           -2     0.307617   -0.796639           0
   2           -2     0.351562   -0.780909    0.015731
   3    -2.070312     0.362305   -0.653112    0.143528
   4        -2.25     0.932617   -0.185248    0.611392
   5        -2.25     0.976562   -0.167592    0.629048
   6    -2.320312     0.987305   -0.131512    0.665128
   7           -3     0.351562   -0.019197    0.777442
   8        -3.25     0.976562    -0.00226     0.79438
   9    -0.824219     0.112305    0.084302    0.880941
  10     2.359501     0.914409    0.154748    0.951388


GENERATION: 46
NUM:          X            Y            Z         FITNESS
   1           -2     0.307617   -0.796639           0
   2           -2     0.351562   -0.780909    0.015731
   3    -2.070312     0.362305   -0.653112    0.143528
   4        -2.25     0.932617   -0.185248    0.611392
   5        -2.25     0.976562   -0.167592    0.629048
   6    -2.320312     0.987305   -0.131512    0.665128
   7           -3     0.351562   -0.019197    0.777442
   8        -3.25     0.976562    -0.00226     0.79438
   9    -0.824219     0.112305    0.084302    0.880941
  10     2.359501     0.914409    0.154748    0.951388


GENERATION: 47
NUM:          X            Y            Z         FITNESS
   1           -2     0.307617   -0.796639           0
   2           -2     0.351562   -0.780909    0.015731
   3    -2.070312     0.362305   -0.653112    0.143528
   4        -2.25     0.932617   -0.185248    0.611392
   5        -2.25     0.976562   -0.167592    0.629048
   6    -2.320312     0.987305   -0.131512    0.665128
   7           -3     0.351562   -0.019197    0.777442
   8        -3.25     0.976562    -0.00226     0.79438
   9    -0.824219     0.112305    0.084302    0.880941
  10     2.359501     0.914409    0.154748    0.951388


GENERATION: 48
NUM:          X            Y            Z         FITNESS
   1           -2     0.307617   -0.796639           0
   2           -2     0.351562   -0.780909    0.015731
   3    -2.070312     0.362305   -0.653112    0.143528
   4        -2.25     0.932617   -0.185248    0.611392
   5        -2.25     0.976562   -0.167592    0.629048
   6    -2.320312     0.987305   -0.131512    0.665128
   7           -3     0.351562   -0.019197    0.777442
   8        -3.25     0.976562    -0.00226     0.79438
   9    -0.824219     0.112305    0.084302    0.880941
  10     2.359501     0.914409    0.154748    0.951388


GENERATION: 49
NUM:          X            Y            Z         FITNESS
   1           -2     0.307617   -0.796639           0
   2           -2     0.351562   -0.780909    0.015731
   3    -2.070312     0.362305   -0.653112    0.143528
   4        -2.25     0.932617   -0.185248    0.611392
   5        -2.25     0.976562   -0.167592    0.629048
   6    -2.320312     0.987305   -0.131512    0.665128
   7           -3     0.351562   -0.019197    0.777442
   8        -3.25     0.976562    -0.00226     0.79438
   9    -0.824219     0.112305    0.084302    0.880941
  10     2.359501     0.914409    0.154748    0.951388


GENERATION: 50
NUM:          X            Y            Z         FITNESS
   1           -2     0.307617   -0.796639           0
   2           -2     0.351562   -0.780909    0.015731
   3    -2.070312     0.362305   -0.653112    0.143528
   4        -2.25     0.932617   -0.185248    0.611392
   5        -2.25     0.976562   -0.167592    0.629048
   6    -2.320312     0.987305   -0.131512    0.665128
   7           -3     0.351562   -0.019197    0.777442
   8        -3.25     0.976562    -0.00226     0.79438
   9    -0.824219     0.112305    0.084302    0.880941
  10     2.359501     0.914409    0.154748    0.951388


GENERATION: 51
NUM:          X            Y            Z         FITNESS
   1           -2     0.307617   -0.796639           0
   2           -2     0.351562   -0.780909    0.015731
   3    -2.070312     0.362305   -0.653112    0.143528
   4        -2.25     0.932617   -0.185248    0.611392
   5        -2.25     0.976562   -0.167592    0.629048
   6    -2.320312     0.987305   -0.131512    0.665128
   7           -3     0.351562   -0.019197    0.777442
   8        -3.25     0.976562    -0.00226     0.79438
   9    -0.824219     0.112305    0.084302    0.880941
  10     2.359501     0.914409    0.154748    0.951388


GENERATION: 52
NUM:          X            Y            Z         FITNESS
   1           -2     0.307617   -0.796639           0
   2           -2     0.351562   -0.780909    0.015731
   3    -2.070312     0.362305   -0.653112    0.143528
   4        -2.25     0.932617   -0.185248    0.611392
   5        -2.25     0.976562   -0.167592    0.629048
   6    -2.320312     0.987305   -0.131512    0.665128
   7           -3     0.351562   -0.019197    0.777442
   8        -3.25     0.976562    -0.00226     0.79438
   9    -0.824219     0.112305    0.084302    0.880941
  10     2.359501     0.914409    0.154748    0.951388


GENERATION: 53
NUM:          X            Y            Z         FITNESS
   1           -2     0.307617   -0.796639           0
   2           -2     0.351562   -0.780909    0.015731
   3    -2.070312     0.362305   -0.653112    0.143528
   4        -2.25     0.932617   -0.185248    0.611392
   5        -2.25     0.976562   -0.167592    0.629048
   6    -2.320312     0.987305   -0.131512    0.665128
   7           -3     0.351562   -0.019197    0.777442
   8        -3.25     0.976562    -0.00226     0.79438
   9    -0.824219     0.112305    0.084302    0.880941
  10     2.359501     0.914409    0.154748    0.951388


GENERATION: 54
NUM:          X            Y            Z         FITNESS
   1           -2     0.307617   -0.796639           0
   2           -2     0.351562   -0.780909    0.015731
   3    -2.070312     0.362305   -0.653112    0.143528
   4        -2.25     0.932617   -0.185248    0.611392
   5        -2.25     0.976562   -0.167592    0.629048
   6    -2.320312     0.987305   -0.131512    0.665128
   7           -3     0.351562   -0.019197    0.777442
   8        -3.25     0.976562    -0.00226     0.79438
   9    -0.824219     0.112305    0.084302    0.880941
  10     2.359501     0.914409    0.154748    0.951388


GENERATION: 55
NUM:          X            Y            Z         FITNESS
   1           -2     0.307617   -0.796639           0
   2           -2     0.351562   -0.780909    0.015731
   3    -2.070312     0.362305   -0.653112    0.143528
   4        -2.25     0.932617   -0.185248    0.611392
   5        -2.25     0.976562   -0.167592    0.629048
   6    -2.320312     0.987305   -0.131512    0.665128
   7           -3     0.351562   -0.019197    0.777442
   8        -3.25     0.976562    -0.00226     0.79438
   9    -0.824219     0.112305    0.084302    0.880941
  10     2.359501     0.914409    0.154748    0.951388


GENERATION: 56
NUM:          X            Y            Z         FITNESS
   1           -2     0.307617   -0.796639           0
   2           -2     0.351562   -0.780909    0.015731
   3    -2.070312     0.362305   -0.653112    0.143528
   4        -2.25     0.932617   -0.185248    0.611392
   5        -2.25     0.976562   -0.167592    0.629048
   6    -2.320312     0.987305   -0.131512    0.665128
   7           -3     0.351562   -0.019197    0.777442
   8        -3.25     0.976562    -0.00226     0.79438
   9    -0.824219     0.112305    0.084302    0.880941
  10     2.359501     0.914409    0.154748    0.951388


GENERATION: 57
NUM:          X            Y            Z         FITNESS
   1           -2     0.307617   -0.796639           0
   2           -2     0.351562   -0.780909    0.015731
   3    -2.070312     0.362305   -0.653112    0.143528
   4        -2.25     0.932617   -0.185248    0.611392
   5        -2.25     0.976562   -0.167592    0.629048
   6    -2.320312     0.987305   -0.131512    0.665128
   7           -3     0.351562   -0.019197    0.777442
   8        -3.25     0.976562    -0.00226     0.79438
   9    -0.824219     0.112305    0.084302    0.880941
  10     2.359501     0.914409    0.154748    0.951388


GENERATION: 58
NUM:          X            Y            Z         FITNESS
   1           -2     0.307617   -0.796639           0
   2           -2     0.351562   -0.780909    0.015731
   3    -2.070312     0.362305   -0.653112    0.143528
   4        -2.25     0.932617   -0.185248    0.611392
   5        -2.25     0.976562   -0.167592    0.629048
   6    -2.320312     0.987305   -0.131512    0.665128
   7           -3     0.351562   -0.019197    0.777442
   8        -3.25     0.976562    -0.00226     0.79438
   9    -0.824219     0.112305    0.084302    0.880941
  10     2.359501     0.914409    0.154748    0.951388


GENERATION: 59
NUM:          X            Y            Z         FITNESS
   1           -2     0.307617   -0.796639           0
   2           -2     0.351562   -0.780909    0.015731
   3    -2.070312     0.362305   -0.653112    0.143528
   4        -2.25     0.932617   -0.185248    0.611392
   5        -2.25     0.976562   -0.167592    0.629048
   6    -2.320312     0.987305   -0.131512    0.665128
   7           -3     0.351562   -0.019197    0.777442
   8        -3.25     0.976562    -0.00226     0.79438
   9    -0.824219     0.112305    0.084302    0.880941
  10     2.359501     0.914409    0.154748    0.951388


GENERATION: 60
NUM:          X            Y            Z         FITNESS
   1           -2     0.307617   -0.796639           0
   2           -2     0.351562   -0.780909    0.015731
   3    -2.070312     0.362305   -0.653112    0.143528
   4        -2.25     0.932617   -0.185248    0.611392
   5        -2.25     0.976562   -0.167592    0.629048
   6    -2.320312     0.987305   -0.131512    0.665128
   7           -3     0.351562   -0.019197    0.777442
   8        -3.25     0.976562    -0.00226     0.79438
   9    -0.824219     0.112305    0.084302    0.880941
  10     2.359501     0.914409    0.154748    0.951388


GENERATION: 61
NUM:          X            Y            Z         FITNESS
   1           -2     0.307617   -0.796639           0
   2           -2     0.351562   -0.780909    0.015731
   3    -2.070312     0.362305   -0.653112    0.143528
   4        -2.25     0.932617   -0.185248    0.611392
   5        -2.25     0.976562   -0.167592    0.629048
   6    -2.320312     0.987305   -0.131512    0.665128
   7           -3     0.351562   -0.019197    0.777442
   8        -3.25     0.976562    -0.00226     0.79438
   9    -0.824219     0.112305    0.084302    0.880941
  10     2.359501     0.914409    0.154748    0.951388


GENERATION: 62
NUM:          X            Y            Z         FITNESS
   1           -2     0.307617   -0.796639           0
   2           -2     0.351562   -0.780909    0.015731
   3    -2.070312     0.362305   -0.653112    0.143528
   4        -2.25     0.932617   -0.185248    0.611392
   5        -2.25     0.976562   -0.167592    0.629048
   6    -2.320312     0.987305   -0.131512    0.665128
   7           -3     0.351562   -0.019197    0.777442
   8        -3.25     0.976562    -0.00226     0.79438
   9    -0.824219     0.112305    0.084302    0.880941
  10     2.359501     0.914409    0.154748    0.951388


GENERATION: 63
NUM:          X            Y            Z         FITNESS
   1           -2     0.307617   -0.796639           0
   2           -2     0.351562   -0.780909    0.015731
   3    -2.070312     0.362305   -0.653112    0.143528
   4        -2.25     0.932617   -0.185248    0.611392
   5        -2.25     0.976562   -0.167592    0.629048
   6    -2.320312     0.987305   -0.131512    0.665128
   7           -3     0.351562   -0.019197    0.777442
   8        -3.25     0.976562    -0.00226     0.79438
   9    -0.824219     0.112305    0.084302    0.880941
  10     2.359501     0.914409    0.154748    0.951388


GENERATION: 64
NUM:          X            Y            Z         FITNESS
   1           -2     0.307617   -0.796639           0
   2           -2     0.351562   -0.780909    0.015731
   3    -2.070312     0.362305   -0.653112    0.143528
   4        -2.25     0.932617   -0.185248    0.611392
   5        -2.25     0.976562   -0.167592    0.629048
   6    -2.320312     0.987305   -0.131512    0.665128
   7           -3     0.351562   -0.019197    0.777442
   8        -3.25     0.976562    -0.00226     0.79438
   9    -0.824219     0.112305    0.084302    0.880941
  10     2.359501     0.914409    0.154748    0.951388


GENERATION: 65
NUM:          X            Y            Z         FITNESS
   1           -2     0.307617   -0.796639           0
   2           -2     0.351562   -0.780909    0.015731
   3    -2.070312     0.362305   -0.653112    0.143528
   4        -2.25     0.932617   -0.185248    0.611392
   5        -2.25     0.976562   -0.167592    0.629048
   6    -2.320312     0.987305   -0.131512    0.665128
   7           -3     0.351562   -0.019197    0.777442
   8        -3.25     0.976562    -0.00226     0.79438
   9    -0.824219     0.112305    0.084302    0.880941
  10     2.359501     0.914409    0.154748    0.951388


GENERATION: 66
NUM:          X            Y            Z         FITNESS
   1           -2     0.307617   -0.796639           0
   2           -2     0.351562   -0.780909    0.015731
   3    -2.070312     0.362305   -0.653112    0.143528
   4        -2.25     0.932617   -0.185248    0.611392
   5        -2.25     0.976562   -0.167592    0.629048
   6    -2.320312     0.987305   -0.131512    0.665128
   7           -3     0.351562   -0.019197    0.777442
   8        -3.25     0.976562    -0.00226     0.79438
   9    -0.824219     0.112305    0.084302    0.880941
  10     2.359501     0.914409    0.154748    0.951388


GENERATION: 67
NUM:          X            Y            Z         FITNESS
   1           -2     0.307617   -0.796639           0
   2           -2     0.351562   -0.780909    0.015731
   3    -2.070312     0.362305   -0.653112    0.143528
   4        -2.25     0.932617   -0.185248    0.611392
   5        -2.25     0.976562   -0.167592    0.629048
   6    -2.320312     0.987305   -0.131512    0.665128
   7           -3     0.351562   -0.019197    0.777442
   8        -3.25     0.976562    -0.00226     0.79438
   9    -0.824219     0.112305    0.084302    0.880941
  10     2.359501     0.914409    0.154748    0.951388


GENERATION: 68
NUM:          X            Y            Z         FITNESS
   1           -2     0.307617   -0.796639           0
   2           -2     0.351562   -0.780909    0.015731
   3    -2.070312     0.362305   -0.653112    0.143528
   4        -2.25     0.932617   -0.185248    0.611392
   5        -2.25     0.976562   -0.167592    0.629048
   6    -2.320312     0.987305   -0.131512    0.665128
   7           -3     0.351562   -0.019197    0.777442
   8        -3.25     0.976562    -0.00226     0.79438
   9    -0.824219     0.112305    0.084302    0.880941
  10     2.359501     0.914409    0.154748    0.951388


GENERATION: 69
NUM:          X            Y            Z         FITNESS
   1           -2     0.307617   -0.796639           0
   2           -2     0.351562   -0.780909    0.015731
   3    -2.070312     0.362305   -0.653112    0.143528
   4        -2.25     0.932617   -0.185248    0.611392
   5        -2.25     0.976562   -0.167592    0.629048
   6    -2.320312     0.987305   -0.131512    0.665128
   7           -3     0.351562   -0.019197    0.777442
   8        -3.25     0.976562    -0.00226     0.79438
   9    -0.824219     0.112305    0.084302    0.880941
  10     2.359501     0.914409    0.154748    0.951388


GENERATION: 70
NUM:          X            Y            Z         FITNESS
   1           -2     0.307617   -0.796639           0
   2           -2     0.351562   -0.780909    0.015731
   3    -2.070312     0.362305   -0.653112    0.143528
   4        -2.25     0.932617   -0.185248    0.611392
   5        -2.25     0.976562   -0.167592    0.629048
   6    -2.320312     0.987305   -0.131512    0.665128
   7           -3     0.351562   -0.019197    0.777442
   8        -3.25     0.976562    -0.00226     0.79438
   9    -0.824219     0.112305    0.084302    0.880941
  10     2.359501     0.914409    0.154748    0.951388


GENERATION: 71
NUM:          X            Y            Z         FITNESS
   1           -2     0.307617   -0.796639           0
   2           -2     0.351562   -0.780909    0.015731
   3    -2.070312     0.362305   -0.653112    0.143528
   4        -2.25     0.932617   -0.185248    0.611392
   5        -2.25     0.976562   -0.167592    0.629048
   6    -2.320312     0.987305   -0.131512    0.665128
   7           -3     0.351562   -0.019197    0.777442
   8        -3.25     0.976562    -0.00226     0.79438
   9    -0.824219     0.112305    0.084302    0.880941
  10     2.359501     0.914409    0.154748    0.951388


GENERATION: 72
NUM:          X            Y            Z         FITNESS
   1           -2     0.307617   -0.796639           0
   2           -2     0.351562   -0.780909    0.015731
   3    -2.070312     0.362305   -0.653112    0.143528
   4        -2.25     0.932617   -0.185248    0.611392
   5        -2.25     0.976562   -0.167592    0.629048
   6    -2.320312     0.987305   -0.131512    0.665128
   7           -3     0.351562   -0.019197    0.777442
   8        -3.25     0.976562    -0.00226     0.79438
   9    -0.824219     0.112305    0.084302    0.880941
  10     2.359501     0.914409    0.154748    0.951388


GENERATION: 73
NUM:          X            Y            Z         FITNESS
   1           -2     0.307617   -0.796639           0
   2           -2     0.351562   -0.780909    0.015731
   3    -2.070312     0.362305   -0.653112    0.143528
   4        -2.25     0.932617   -0.185248    0.611392
   5        -2.25     0.976562   -0.167592    0.629048
   6    -2.320312     0.987305   -0.131512    0.665128
   7           -3     0.351562   -0.019197    0.777442
   8        -3.25     0.976562    -0.00226     0.79438
   9    -0.824219     0.112305    0.084302    0.880941
  10     2.359501     0.914409    0.154748    0.951388


GENERATION: 74
NUM:          X            Y            Z         FITNESS
   1           -2     0.307617   -0.796639           0
   2           -2     0.351562   -0.780909    0.015731
   3    -2.070312     0.362305   -0.653112    0.143528
   4        -2.25     0.932617   -0.185248    0.611392
   5        -2.25     0.976562   -0.167592    0.629048
   6    -2.320312     0.987305   -0.131512    0.665128
   7           -3     0.351562   -0.019197    0.777442
   8        -3.25     0.976562    -0.00226     0.79438
   9    -0.824219     0.112305    0.084302    0.880941
  10     2.359501     0.914409    0.154748    0.951388


GENERATION: 75
NUM:          X            Y            Z         FITNESS
   1           -2     0.307617   -0.796639           0
   2           -2     0.351562   -0.780909    0.015731
   3    -2.070312     0.362305   -0.653112    0.143528
   4        -2.25     0.932617   -0.185248    0.611392
   5        -2.25     0.976562   -0.167592    0.629048
   6    -2.320312     0.987305   -0.131512    0.665128
   7           -3     0.351562   -0.019197    0.777442
   8        -3.25     0.976562    -0.00226     0.79438
   9    -0.824219     0.112305    0.084302    0.880941
  10     2.359501     0.914409    0.154748    0.951388


GENERATION: 76
NUM:          X            Y            Z         FITNESS
   1           -2     0.307617   -0.796639           0
   2           -2     0.351562   -0.780909    0.015731
   3    -2.070312     0.362305   -0.653112    0.143528
   4        -2.25     0.932617   -0.185248    0.611392
   5        -2.25     0.976562   -0.167592    0.629048
   6    -2.320312     0.987305   -0.131512    0.665128
   7           -3     0.351562   -0.019197    0.777442
   8        -3.25     0.976562    -0.00226     0.79438
   9    -0.824219     0.112305    0.084302    0.880941
  10     2.359501     0.914409    0.154748    0.951388


GENERATION: 77
NUM:          X            Y            Z         FITNESS
   1           -2     0.307617   -0.796639           0
   2           -2     0.351562   -0.780909    0.015731
   3    -2.070312     0.362305   -0.653112    0.143528
   4        -2.25     0.932617   -0.185248    0.611392
   5        -2.25     0.976562   -0.167592    0.629048
   6    -2.320312     0.987305   -0.131512    0.665128
   7           -3     0.351562   -0.019197    0.777442
   8        -3.25     0.976562    -0.00226     0.79438
   9    -0.824219     0.112305    0.084302    0.880941
  10     2.359501     0.914409    0.154748    0.951388


GENERATION: 78
NUM:          X            Y            Z         FITNESS
   1           -2     0.307617   -0.796639           0
   2           -2     0.351562   -0.780909    0.015731
   3    -2.070312     0.362305   -0.653112    0.143528
   4        -2.25     0.932617   -0.185248    0.611392
   5        -2.25     0.976562   -0.167592    0.629048
   6    -2.320312     0.987305   -0.131512    0.665128
   7           -3     0.351562   -0.019197    0.777442
   8        -3.25     0.976562    -0.00226     0.79438
   9    -0.824219     0.112305    0.084302    0.880941
  10     2.359501     0.914409    0.154748    0.951388


GENERATION: 79
NUM:          X            Y            Z         FITNESS
   1           -2     0.307617   -0.796639           0
   2           -2     0.351562   -0.780909    0.015731
   3    -2.070312     0.362305   -0.653112    0.143528
   4        -2.25     0.932617   -0.185248    0.611392
   5        -2.25     0.976562   -0.167592    0.629048
   6    -2.320312     0.987305   -0.131512    0.665128
   7           -3     0.351562   -0.019197    0.777442
   8        -3.25     0.976562    -0.00226     0.79438
   9    -0.824219     0.112305    0.084302    0.880941
  10     2.359501     0.914409    0.154748    0.951388


GENERATION: 80
NUM:          X            Y            Z         FITNESS
   1           -2     0.307617   -0.796639           0
   2           -2     0.351562   -0.780909    0.015731
   3    -2.070312     0.362305   -0.653112    0.143528
   4        -2.25     0.932617   -0.185248    0.611392
   5        -2.25     0.976562   -0.167592    0.629048
   6    -2.320312     0.987305   -0.131512    0.665128
   7           -3     0.351562   -0.019197    0.777442
   8        -3.25     0.976562    -0.00226     0.79438
   9    -0.824219     0.112305    0.084302    0.880941
  10     2.359501     0.914409    0.154748    0.951388


GENERATION: 81
NUM:          X            Y            Z         FITNESS
   1           -2     0.307617   -0.796639           0
   2           -2     0.351562   -0.780909    0.015731
   3    -2.070312     0.362305   -0.653112    0.143528
   4        -2.25     0.932617   -0.185248    0.611392
   5        -2.25     0.976562   -0.167592    0.629048
   6    -2.320312     0.987305   -0.131512    0.665128
   7           -3     0.351562   -0.019197    0.777442
   8        -3.25     0.976562    -0.00226     0.79438
   9    -0.824219     0.112305    0.084302    0.880941
  10     2.359501     0.914409    0.154748    0.951388


GENERATION: 82
NUM:          X            Y            Z         FITNESS
   1           -2     0.307617   -0.796639           0
   2           -2     0.351562   -0.780909    0.015731
   3    -2.070312     0.362305   -0.653112    0.143528
   4        -2.25     0.932617   -0.185248    0.611392
   5        -2.25     0.976562   -0.167592    0.629048
   6    -2.320312     0.987305   -0.131512    0.665128
   7           -3     0.351562   -0.019197    0.777442
   8        -3.25     0.976562    -0.00226     0.79438
   9    -0.824219     0.112305    0.084302    0.880941
  10     2.359501     0.914409    0.154748    0.951388


GENERATION: 83
NUM:          X            Y            Z         FITNESS
   1           -2     0.307617   -0.796639           0
   2           -2     0.351562   -0.780909    0.015731
   3    -2.070312     0.362305   -0.653112    0.143528
   4        -2.25     0.932617   -0.185248    0.611392
   5        -2.25     0.976562   -0.167592    0.629048
   6    -2.320312     0.987305   -0.131512    0.665128
   7           -3     0.351562   -0.019197    0.777442
   8        -3.25     0.976562    -0.00226     0.79438
   9    -0.824219     0.112305    0.084302    0.880941
  10     2.359501     0.914409    0.154748    0.951388


GENERATION: 84
NUM:          X            Y            Z         FITNESS
   1           -2     0.307617   -0.796639           0
   2           -2     0.351562   -0.780909    0.015731
   3    -2.070312     0.362305   -0.653112    0.143528
   4        -2.25     0.932617   -0.185248    0.611392
   5        -2.25     0.976562   -0.167592    0.629048
   6    -2.320312     0.987305   -0.131512    0.665128
   7           -3     0.351562   -0.019197    0.777442
   8        -3.25     0.976562    -0.00226     0.79438
   9    -0.824219     0.112305    0.084302    0.880941
  10     2.359501     0.914409    0.154748    0.951388


GENERATION: 85
NUM:          X            Y            Z         FITNESS
   1           -2     0.307617   -0.796639           0
   2           -2     0.351562   -0.780909    0.015731
   3    -2.070312     0.362305   -0.653112    0.143528
   4        -2.25     0.932617   -0.185248    0.611392
   5        -2.25     0.976562   -0.167592    0.629048
   6    -2.320312     0.987305   -0.131512    0.665128
   7           -3     0.351562   -0.019197    0.777442
   8        -3.25     0.976562    -0.00226     0.79438
   9    -0.824219     0.112305    0.084302    0.880941
  10     2.359501     0.914409    0.154748    0.951388


GENERATION: 86
NUM:          X            Y            Z         FITNESS
   1           -2     0.307617   -0.796639           0
   2           -2     0.351562   -0.780909    0.015731
   3    -2.070312     0.362305   -0.653112    0.143528
   4        -2.25     0.932617   -0.185248    0.611392
   5        -2.25     0.976562   -0.167592    0.629048
   6    -2.320312     0.987305   -0.131512    0.665128
   7           -3     0.351562   -0.019197    0.777442
   8        -3.25     0.976562    -0.00226     0.79438
   9    -0.824219     0.112305    0.084302    0.880941
  10     2.359501     0.914409    0.154748    0.951388


GENERATION: 87
NUM:          X            Y            Z         FITNESS
   1           -2     0.307617   -0.796639           0
   2           -2     0.351562   -0.780909    0.015731
   3    -2.070312     0.362305   -0.653112    0.143528
   4        -2.25     0.932617   -0.185248    0.611392
   5        -2.25     0.976562   -0.167592    0.629048
   6    -2.320312     0.987305   -0.131512    0.665128
   7           -3     0.351562   -0.019197    0.777442
   8        -3.25     0.976562    -0.00226     0.79438
   9    -0.824219     0.112305    0.084302    0.880941
  10     2.359501     0.914409    0.154748    0.951388


GENERATION: 88
NUM:          X            Y            Z         FITNESS
   1           -2     0.307617   -0.796639           0
   2           -2     0.351562   -0.780909    0.015731
   3    -2.070312     0.362305   -0.653112    0.143528
   4        -2.25     0.932617   -0.185248    0.611392
   5        -2.25     0.976562   -0.167592    0.629048
   6    -2.320312     0.987305   -0.131512    0.665128
   7           -3     0.351562   -0.019197    0.777442
   8        -3.25     0.976562    -0.00226     0.79438
   9    -0.824219     0.112305    0.084302    0.880941
  10     2.359501     0.914409    0.154748    0.951388


GENERATION: 89
NUM:          X            Y            Z         FITNESS
   1           -2     0.307617   -0.796639           0
   2           -2     0.351562   -0.780909    0.015731
   3    -2.070312     0.362305   -0.653112    0.143528
   4        -2.25     0.932617   -0.185248    0.611392
   5        -2.25     0.976562   -0.167592    0.629048
   6    -2.320312     0.987305   -0.131512    0.665128
   7           -3     0.351562   -0.019197    0.777442
   8        -3.25     0.976562    -0.00226     0.79438
   9    -0.824219     0.112305    0.084302    0.880941
  10     2.359501     0.914409    0.154748    0.951388


GENERATION: 90
NUM:          X            Y            Z         FITNESS
   1           -2     0.307617   -0.796639           0
   2           -2     0.351562   -0.780909    0.015731
   3    -2.070312     0.362305   -0.653112    0.143528
   4        -2.25     0.932617   -0.185248    0.611392
   5        -2.25     0.976562   -0.167592    0.629048
   6    -2.320312     0.987305   -0.131512    0.665128
   7           -3     0.351562   -0.019197    0.777442
   8        -3.25     0.976562    -0.00226     0.79438
   9    -0.824219     0.112305    0.084302    0.880941
  10     2.359501     0.914409    0.154748    0.951388


GENERATION: 91
NUM:          X            Y            Z         FITNESS
   1           -2     0.307617   -0.796639           0
   2           -2     0.351562   -0.780909    0.015731
   3    -2.070312     0.362305   -0.653112    0.143528
   4        -2.25     0.932617   -0.185248    0.611392
   5        -2.25     0.976562   -0.167592    0.629048
   6    -2.320312     0.987305   -0.131512    0.665128
   7           -3     0.351562   -0.019197    0.777442
   8        -3.25     0.976562    -0.00226     0.79438
   9    -0.824219     0.112305    0.084302    0.880941
  10     2.359501     0.914409    0.154748    0.951388


GENERATION: 92
NUM:          X            Y            Z         FITNESS
   1           -2     0.307617   -0.796639           0
   2           -2     0.351562   -0.780909    0.015731
   3    -2.070312     0.362305   -0.653112    0.143528
   4        -2.25     0.932617   -0.185248    0.611392
   5        -2.25     0.976562   -0.167592    0.629048
   6    -2.320312     0.987305   -0.131512    0.665128
   7           -3     0.351562   -0.019197    0.777442
   8        -3.25     0.976562    -0.00226     0.79438
   9    -0.824219     0.112305    0.084302    0.880941
  10     2.359501     0.914409    0.154748    0.951388


GENERATION: 93
NUM:          X            Y            Z         FITNESS
   1           -2     0.307617   -0.796639           0
   2           -2     0.351562   -0.780909    0.015731
   3    -2.070312     0.362305   -0.653112    0.143528
   4        -2.25     0.932617   -0.185248    0.611392
   5        -2.25     0.976562   -0.167592    0.629048
   6    -2.320312     0.987305   -0.131512    0.665128
   7           -3     0.351562   -0.019197    0.777442
   8        -3.25     0.976562    -0.00226     0.79438
   9    -0.824219     0.112305    0.084302    0.880941
  10     2.359501     0.914409    0.154748    0.951388


GENERATION: 94
NUM:          X            Y            Z         FITNESS
   1           -2     0.307617   -0.796639           0
   2           -2     0.351562   -0.780909    0.015731
   3    -2.070312     0.362305   -0.653112    0.143528
   4        -2.25     0.932617   -0.185248    0.611392
   5        -2.25     0.976562   -0.167592    0.629048
   6    -2.320312     0.987305   -0.131512    0.665128
   7           -3     0.351562   -0.019197    0.777442
   8        -3.25     0.976562    -0.00226     0.79438
   9    -0.824219     0.112305    0.084302    0.880941
  10     2.359501     0.914409    0.154748    0.951388


GENERATION: 95
NUM:          X            Y            Z         FITNESS
   1           -2     0.307617   -0.796639           0
   2           -2     0.351562   -0.780909    0.015731
   3    -2.070312     0.362305   -0.653112    0.143528
   4        -2.25     0.932617   -0.185248    0.611392
   5        -2.25     0.976562   -0.167592    0.629048
   6    -2.320312     0.987305   -0.131512    0.665128
   7           -3     0.351562   -0.019197    0.777442
   8        -3.25     0.976562    -0.00226     0.79438
   9    -0.824219     0.112305    0.084302    0.880941
  10     2.359501     0.914409    0.154748    0.951388


GENERATION: 96
NUM:          X            Y            Z         FITNESS
   1           -2     0.307617   -0.796639           0
   2           -2     0.351562   -0.780909    0.015731
   3    -2.070312     0.362305   -0.653112    0.143528
   4        -2.25     0.932617   -0.185248    0.611392
   5        -2.25     0.976562   -0.167592    0.629048
   6    -2.320312     0.987305   -0.131512    0.665128
   7           -3     0.351562   -0.019197    0.777442
   8        -3.25     0.976562    -0.00226     0.79438
   9    -0.824219     0.112305    0.084302    0.880941
  10     2.359501     0.914409    0.154748    0.951388


GENERATION: 97
NUM:          X            Y            Z         FITNESS
   1           -2     0.307617   -0.796639           0
   2           -2     0.351562   -0.780909    0.015731
   3    -2.070312     0.362305   -0.653112    0.143528
   4        -2.25     0.932617   -0.185248    0.611392
   5        -2.25     0.976562   -0.167592    0.629048
   6    -2.320312     0.987305   -0.131512    0.665128
   7           -3     0.351562   -0.019197    0.777442
   8        -3.25     0.976562    -0.00226     0.79438
   9    -0.824219     0.112305    0.084302    0.880941
  10     2.359501     0.914409    0.154748    0.951388


GENERATION: 98
NUM:          X            Y            Z         FITNESS
   1           -2     0.307617   -0.796639           0
   2           -2     0.351562   -0.780909    0.015731
   3    -2.070312     0.362305   -0.653112    0.143528
   4        -2.25     0.932617   -0.185248    0.611392
   5        -2.25     0.976562   -0.167592    0.629048
   6    -2.320312     0.987305   -0.131512    0.665128
   7           -3     0.351562   -0.019197    0.777442
   8        -3.25     0.976562    -0.00226     0.79438
   9    -0.824219     0.112305    0.084302    0.880941
  10     2.359501     0.914409    0.154748    0.951388


GENERATION: 99
NUM:          X            Y            Z         FITNESS
   1           -2     0.307617   -0.796639           0
   2           -2     0.351562   -0.780909    0.015731
   3    -2.070312     0.362305   -0.653112    0.143528
   4        -2.25     0.932617   -0.185248    0.611392
   5        -2.25     0.976562   -0.167592    0.629048
   6    -2.320312     0.987305   -0.131512    0.665128
   7           -3     0.351562   -0.019197    0.777442
   8        -3.25     0.976562    -0.00226     0.79438
   9    -0.824219     0.112305    0.084302    0.880941
  10     2.359501     0.914409    0.154748    0.951388


GENERATION: 100
NUM:          X            Y            Z         FITNESS
   1           -2     0.307617   -0.796639           0
   2           -2     0.351562   -0.780909    0.015731
   3    -2.070312     0.362305   -0.653112    0.143528
   4        -2.25     0.932617   -0.185248    0.611392
   5        -2.25     0.976562   -0.167592    0.629048
   6    -2.320312     0.987305   -0.131512    0.665128
   7           -3     0.351562   -0.019197    0.777442
   8        -3.25     0.976562    -0.00226     0.79438
   9    -0.824219     0.112305    0.084302    0.880941
  10     2.359501     0.914409    0.154748    0.951388


GENERATION: 101
NUM:          X            Y            Z         FITNESS
   1           -2     0.307617   -0.796639           0
   2           -2     0.351562   -0.780909    0.015731
   3    -2.070312     0.362305   -0.653112    0.143528
   4        -2.25     0.932617   -0.185248    0.611392
   5        -2.25     0.976562   -0.167592    0.629048
   6    -2.320312     0.987305   -0.131512    0.665128
   7           -3     0.351562   -0.019197    0.777442
   8        -3.25     0.976562    -0.00226     0.79438
   9    -0.824219     0.112305    0.084302    0.880941
  10     2.359501     0.914409    0.154748    0.951388


